90
89
90
91
89
86
76
87
86
82
88
90
90
94
90
86
84
89
88
92
94
91
92
90
91
86
87
88
88
79
79
80
79
82
81
78
74
72
81
81
87
87
87
88
87
87
85
87
89
77
76
77
76
72
78
79
83
83
83
83
81
81
81
82
82
79
79
77
87
88
87
86
87
84
85
84
90
82
81
80
80
77
77
79
79
77
77
76
75
66
66
76
75
83
83
66
65
63
62
76
76
80
81
84
67
73
71
74
72
70
70
73
72
73
73
75
75
76
75
81
81
82
81
84
85
80
80
78
77
82
81
64
63
68
67
72
72
72
74
74
78
78
79
82
82
79
79
81
84
83
76
75
67
65
64
65
69
69
72
73
61
61
60
69
69
69
68
74
76
75
76
76
73
73
65
64
59
58
66
66
69
69
66
65
57
56
59
59
62
61
74
74
70
70
61
63
63
68
68
46
52
51
57
56
48
49
58
54
57
56
44
44
51
51
56
56
51
52
57
58
60
60
67
68
54
54
54
53
50
50
54
54
50
50
57
58
55
45
47
47
38
35
39
45
45
32
37
24
42
43
51
59
49
42
48
59
41
36
34
27
22
27
29
17
22
24
30
25
17
17
19
30
50
40
61
64
38
24
28
40
27
39
49
58
51
61
63
43
38
42
56
51
44
34
37
45
34
32
36
36
38
39
33
41
47
62
47
39
46
55
60
39
47
49
73
78
53
45
50
49
52
57
55
61
58
53
41
46
47
45
45
45
44
39
39
43
41
43
47
47
46
45
42
44
42
42
39
48
46
43
42
44
54
54
56
55
37
34
45
44
48
45
48
43
50
48
72
72
68
67
56
56
65
64
50
44
46
46
58
48
58
66
58
43
48
47
42
40
52
51
54
53
72
72
81
81
83
82
58
57
65
65
45
44
58
58
57
49
56
56
59
59
65
64
68
63
66
66
68
68
60
58
75
75
54
52
70
69
79
80
87
89
88
86
86
74
72
65
64
74
73
75
75
77
77
76
76
79
79
77
77
63
59
74
74
87
71
69
68
67
70
86
78
78
68
66
80
83
85
88
80
68
77
79
78
82
83
65
73
79
79
72
71
76
76
80
80
83
82
74
73
66
65
77
76
80
80
84
85
80
79
84
84
88
91
91
87
87
86
84
82
72
76
89
82
81
77
89
86
91
92
93
94
94
95
97
97
97
97
92
91
93
91
86
79
83
87
